year,period,revenuegrowth,nopat,nopatmargin,investedcapital,investedcapitalturnover,investedcapitalincreasedecrease,freecashflow,netnonopex,netnonopobligations,ebit,depreciationandamortization,ebitda,capex,dfcfnwc,dfnwc,nwc,debt,ltdebtandcapleases,netdebt,totalcapital,bookvaluepershare,tangbookvaluepershare,marketcap,enterprisevalue,pricetobook,pricetotangiblebook,pricetorevenue,pricetoearnings,dividendyield,earningsyield,evtoinvestedcapital,evtorevenue,evtoebitda,evtoebit,evtonopat,evtoocf,evtofcff,ebitdagrowth,ebitgrowth,nopatgrowth,netincomegrowth,epsgrowth,ocfgrowth,fcffgrowth,investedcapitalgrowth,revenueqoqgrowth,ebitdaqoqgrowth,ebitqoqgrowth,nopatqoqgrowth,netincomeqoqgrowth,epsqoqgrowth,ocfqoqgrowth,fcffqoqgrowth,investedcapitalqoqgrowth,grossmargin,ebitdamargin,operatingmargin,ebitmargin,profitmargin,costofrevtorevenue,sgaextorevenue,rdextorevenue,opextorevenue,taxburdenpct,interestburdenpct,efftaxrate,assetturnover,arturnover,invturnover,faturnover,apturnover,dso,dio,dpo,ccc,finleverage,leverageratio,compoundleveragefactor,ltdebttoequity,debttoequity,roic,nnep,roicnnepspread,rnnoa,roe,croic,oroa,roa,noncontrollinginterestsharingratio,roce,divpayoutratio,augmentedpayoutratio,ocftocapex,stdebttocap,ltdebttocap,debttototalcapital,preferredtocap,noncontrolinttocap,commontocap,debttoebitda,netdebttoebitda,ltdebttoebitda,debttonopat,netdebttonopat,ltdebttonopat,altmanzscore,ebittointerestex,nopattointerestex,ebitlesscapextointerestex,nopatlesscapextointex,ocftointerestex,ocflesscapextointerestex,fcfftointerestex,currentratio,quickratio,dfcfnwctorev,dfnwctorev,nwctorev,normalizednopat,normalizednopatmargin,pretaxincomemargin
2018,Q2,-0.041157,-77274621.5,-0.404698,1243057000.0,0.5832,-132060000.0,54785378.5,10709378.5,521222000.0,-93194000.0,21465000.0,-71729000.0,13502000.0,227942000.0,524724000.0,524523000.0,818004000.0,817803000.0,521222000.0,1539839000.0,5.7594,-0.1763,2079257880.0,2600479880.0,2.8805,,2.7234,,0.0,-0.0889,2.092,3.406,,,,44.1028,,-2.851931,-6.777681,-15.403714,-35.680331,-36.0,-0.990198,-0.055814,-0.096035,0.037384,-13.737826,-2.523536,-2.810503,-2.060632,-2.043478,1.010066,0.572412,-0.056746,0.425669,-0.375655,-0.479544,-0.48807,-0.460784,0.574331,0.438317,0.388967,0.905213,0.843923,1.118699,0.156077,0.4037,4.1846,2.2458,2.5204,8.9556,87.2254,162.5277,40.7565,208.9966,0.6291,2.3539,2.6333,1.133,1.1332,-0.23603,0.021184,-0.257214,-0.161819,-0.397849,-0.015242,-0.197011,-0.185998,0.0,-0.397849,0.0,0.0,0.023552,0.000131,0.531096,0.531227,0.0,0.0,0.468773,-5.7132,-3.6404,-5.7118,-5.3811,-3.4288,-5.3798,1.9187,,,,,,,,3.9429,2.7161,0.298552,0.687268,0.687005,-75841640.9,-0.397193,-0.546003
2018,Q1,-0.273684,-20279373.9,-0.110176,1317839000.0,0.5736,-55121000.0,34841626.1,8467626.1,507323000.0,-26449000.0,21582000.0,-4867000.0,22340000.0,243909000.0,553286000.0,553085000.0,816700000.0,816499000.0,507323000.0,1627216000.0,6.4717,-0.0954,2343240400.0,2850563400.0,2.891,,3.0365,,0.0,-0.040254,2.1631,3.6939,,,,31.2939,,-1.050118,-1.353162,-1.433932,-1.700685,-1.69697,-1.249567,-0.214056,-0.040148,-0.010717,0.949887,0.779233,0.652595,0.55921,0.566038,-1.800583,-0.61994,0.027778,0.446738,-0.026442,-0.138078,-0.143695,-0.15618,0.553262,0.342182,0.168241,0.584816,0.797929,1.362131,0.202071,0.3968,3.7576,2.2179,2.6708,7.2998,97.1366,164.5718,50.0012,211.7072,0.6008,2.3137,3.1516,1.0074,1.0076,-0.063194,0.01677,-0.079964,-0.048041,-0.111235,-0.010332,-0.057023,-0.061978,0.0,-0.111235,0.0,0.0,-1.4141,0.000124,0.501777,0.5019,0.0,0.0,0.4981,-24.9633,-15.5069,-24.9572,-11.8324,-7.3502,-11.8295,2.2585,,,,,,,,4.6404,3.2017,0.316072,0.716981,0.716721,-19878015.5,-0.107996,-0.195732
2017,Q4,-0.344101,-58373947.3,-0.313742,1282222000.0,0.6197,-150048000.0,91674052.7,6843052.7,450977000.0,-119805000.0,22685000.0,-97120000.0,22443000.0,194844000.0,562963000.0,559062000.0,819096000.0,815195000.0,450977000.0,1650341000.0,6.6612,-0.1887,4021981700.0,4472958700.0,4.8385,,4.7821,,0.0,-0.006104,3.4884,5.3183,64.5812,,,17.9447,31.3395,-2.175431,-3.018856,-2.456705,-3.009459,-3.12,-0.452993,2.287748,-0.104762,-0.080873,-4.180196,-16.650555,-5.142009,-21.511909,-25.5,-0.222876,-0.097413,-0.054331,0.449572,-0.521991,-0.622207,-0.643916,-0.350522,0.550428,0.328829,0.220819,1.071779,0.504241,1.079563,0.495759,0.4332,3.9622,2.2765,3.0482,7.3159,92.1211,160.3364,49.8913,202.5661,0.6447,2.3529,2.5401,0.9807,0.9854,-0.194417,0.012862,-0.207279,-0.133637,-0.328053,0.105158,-0.278923,-0.151835,0.0,-0.328053,0.0,0.0,1.758232,0.002364,0.493955,0.496319,0.0,0.0,0.503681,11.8262,6.5113,11.7699,-111.866,-61.5911,-111.3332,3.0389,,,,,,,,4.2677,2.978,0.231669,0.669361,0.664723,-17029222.3,-0.091527,-0.695147
2017,Q3,-0.287464,14093149.7,0.069621,1355889000.0,0.6706,-87475000.0,101568149.7,16990149.7,468511000.0,7655000.0,22884000.0,30539000.0,27466000.0,234170000.0,579550000.0,579550000.0,813891000.0,813891000.0,468511000.0,1701269000.0,7.0998,-0.7571,4148285340.0,4616796340.0,4.6748,,4.4194,56.731,0.0,0.017627,3.405,4.9185,18.5409,29.2165,47.4326,16.375,24.9815,-0.719145,-0.910529,-0.745182,-1.060469,-1.052632,-0.147236,2.549163,-0.060605,0.016511,-0.211531,-0.525418,1.626913,-2.1419,-2.0,0.565066,0.750453,-0.013983,0.48394,0.150864,0.04655,0.037816,-0.014311,0.51606,0.263506,0.060515,0.43739,1.495612,-0.253037,-0.495612,0.4676,4.1548,2.3188,3.6543,7.5992,87.8496,157.4077,48.0315,197.2257,0.6492,2.3653,-0.5985,0.9172,0.9172,0.046691,0.030839,0.015852,0.010291,0.056982,0.132042,0.017682,-0.006692,0.0,0.056982,0.0,0.273515,1.848722,0.0,0.478402,0.478402,0.0,0.0,0.521598,3.2686,1.8815,3.2686,8.3618,4.8134,8.3618,3.1869,,,,,,,,4.1614,2.9141,0.249474,0.617426,0.617426,11939200.0,0.05898,-0.009569
2017,Q2,-0.290645,5364909.3,0.02694,1375117000.0,0.728,-52659000.0,58023909.3,2827909.3,489845000.0,16130000.0,22602000.0,38732000.0,22930000.0,252288000.0,575030000.0,575030000.0,812587000.0,812587000.0,489845000.0,1697859000.0,7.0712,-0.9568,4199006760.0,4688851760.0,4.7432,,4.1154,33.8826,0.0,0.029514,3.4098,4.5955,14.3301,19.8745,31.4659,16.129,23.2498,-0.661809,-0.822831,-0.924789,-0.959076,-0.96,0.197549,3.847927,-0.036882,-0.21419,-0.601153,-0.784623,-0.885203,-0.938163,-0.939394,-0.743694,0.30888,0.001571,0.516064,0.194496,0.071678,0.080998,0.01274,0.483936,0.271071,0.079723,0.444386,0.375852,0.418475,0.624148,0.5217,5.3337,2.3236,4.3174,9.4256,68.4331,157.0837,38.7243,186.7924,0.6849,2.3512,0.9839,0.9179,0.9179,0.019614,0.004964,0.01465,0.010033,0.029647,0.143903,0.042258,0.006646,0.0,0.029647,0.0,0.363114,1.414915,0.0,0.478595,0.478595,0.0,0.0,0.521405,2.4834,1.4971,2.4834,5.4531,3.2872,5.4531,3.4054,,,,,,,,5.4624,3.8828,0.247263,0.563577,0.563577,12185600.0,0.061191,0.033896
2017,Q1,-0.055626,46733952.0,0.184413,1372960000.0,0.8033,2403000.0,44330952.0,5706952.0,502548000.0,74892000.0,22218000.0,97110000.0,22331000.0,252371000.0,561106000.0,561106000.0,811283000.0,811283000.0,502548000.0,1681695000.0,6.982,-1.2656,3001957280.0,3504505280.0,3.4489,,2.7243,16.3698,0.0,0.061088,2.5525,3.1804,8.6961,11.2745,16.4145,12.2811,16.6013,-0.091317,-0.040953,-0.151884,-0.020508,-0.029412,13.088258,-0.589867,0.001753,-0.106629,0.17531,0.262019,0.166232,0.26412,0.32,0.754734,1.622718,-0.04141,0.587045,0.383198,0.293635,0.295525,0.161893,0.412955,0.187763,0.044554,0.29341,0.628035,0.872269,0.371965,0.5678,5.43,2.4334,5.0211,9.1512,67.2196,149.9976,39.8855,177.3318,0.785,2.5254,2.2029,0.9321,0.9321,0.148137,0.00946,0.138676,0.108859,0.256995,0.153889,0.167789,0.091918,0.0,0.256995,0.0,0.245387,5.668488,0.0,0.48242,0.48242,0.0,0.0,0.51758,2.0131,1.247,2.0131,3.7999,2.3538,3.7999,2.8064,,,,,,,,4.2092,3.1023,0.229029,0.509209,0.509209,46740860.4,0.18444,0.257778
2016,Q4,0.01318,40072588.4,0.141266,1432270000.0,0.8113,111262000.0,-71189411.6,7617588.4,613086000.0,59343000.0,23282000.0,82625000.0,32020000.0,313372000.0,515250000.0,510256000.0,814973000.0,809979000.0,613086000.0,1634157000.0,6.5117,-1.7803,2746235830.0,3359321830.0,3.3524,,2.4589,14.9055,0.0,0.067089,2.3455,3.0079,8.1387,10.6973,15.101,20.0247,30.211,-0.038585,-0.043796,-0.062457,-0.010066,0.0,0.583745,-1.635171,0.084225,-0.001507,-0.240132,-0.3064,-0.275449,-0.32257,-0.342105,0.211507,-0.085813,-0.007686,0.596664,0.291275,0.214322,0.2092,0.114412,0.403336,0.166992,0.048077,0.382343,0.659132,0.829736,0.340868,0.5562,5.1494,2.458,5.3435,8.3858,70.8819,148.4954,43.5261,175.8512,0.911,2.7876,2.313,0.9888,0.9949,0.114607,0.011607,0.102999,0.093833,0.20844,0.080773,0.116348,0.063632,0.0,0.20844,0.0,0.244243,2.252904,0.003056,0.495656,0.498712,0.0,0.0,0.501288,1.9745,1.4853,1.9624,3.6635,2.756,3.6411,2.629,,,,,,,,3.9065,2.7628,0.280587,0.461345,0.456874,60610482.0,0.213668,0.17358
2016,Q3,0.106285,55306760.1,0.194677,1443364000.0,0.8049,120870000.0,-65563239.9,7397760.1,633368000.0,85558000.0,23178000.0,108736000.0,19158000.0,313510000.0,488703000.0,488703000.0,808675000.0,808675000.0,633368000.0,1618671000.0,6.4115,-2.2532,3443864840.0,4077232840.0,4.2517,,3.0938,18.6586,0.0,0.053595,2.8248,3.6628,9.7993,12.872,18.1066,28.8817,39.0879,0.017518,-0.012796,-0.059784,-0.001209,-0.025641,-0.161942,-2.104456,0.091395,0.011972,-0.050564,-0.060246,-0.224656,-0.227187,-0.24,1.197844,-2.217972,0.010918,0.59919,0.382745,0.30563,0.30116,0.168637,0.40081,0.165698,0.037375,0.29356,0.636969,0.8791,0.363031,0.5481,5.5392,2.4398,5.6581,7.6805,65.8941,149.6042,47.523,167.9753,0.9834,2.913,2.5608,0.9984,0.9984,0.1567,0.010789,0.145911,0.14349,0.30019,0.075426,0.165053,0.092423,0.0,0.30019,0.0,0.135448,3.108049,0.0,0.499592,0.499592,0.0,0.0,0.500408,1.9436,1.5223,1.9436,3.5912,2.8127,3.5912,3.0252,,,,,,,,4.1429,2.8181,0.281641,0.439026,0.439026,61187896.5,0.215378,0.264749
2016,Q2,0.27075,71331914.3,0.254091,1427776000.0,0.7858,91706000.0,-20374085.700000003,9338914.3,649466000.0,91043000.0,23484000.0,114527000.0,13842000.0,297376000.0,455150000.0,455150000.0,807370000.0,807370000.0,649466000.0,1585680000.0,6.1808,-2.7106,3586945140.0,4236411140.0,4.6086,,3.3033,19.4276,0.0,0.051473,2.9671,3.9014,10.2279,13.3279,18.5045,27.7477,30.8701,0.290649,0.431651,0.671658,0.907008,0.851852,-0.800476,0.950527,0.068639,0.04616,0.071658,0.165873,0.294514,0.480041,0.470588,2.015248,-1.188493,0.041749,0.611871,0.407956,0.329023,0.324303,0.220825,0.388129,0.19225,0.031589,0.282848,0.772258,0.881726,0.227742,0.5512,6.467,2.4028,5.7918,8.8138,56.4407,151.9032,41.4124,166.9316,1.103,2.9977,2.6431,1.0373,1.0373,0.199654,0.012885,0.186769,0.206002,0.405656,0.099306,0.178769,0.121727,0.0,0.405656,0.0,0.0,1.957232,0.0,0.509163,0.509163,0.0,0.0,0.490837,1.9492,1.568,1.9492,3.5266,2.8368,3.5266,3.1098,,,,,,,,4.2793,2.6138,0.273862,0.419161,0.419161,71436941.4,0.254465,0.285947
2016,Q1,0.18018,55103256.5,0.205343,1370557000.0,0.7344,-52986000.0,108089256.5,13217256.5,703970000.0,78090000.0,28779000.0,106869000.0,9918000.0,232405000.0,378304000.0,335447000.0,849999000.0,807142000.0,703970000.0,1516586000.0,5.3063,-3.721,2955862130.0,3659832130.0,4.4343,,2.8808,19.0521,0.0,0.052488,2.6703,3.5669,9.4226,12.6023,18.3571,14.0027,14.5027,0.08371,0.087483,0.168624,0.115829,0.096774,-0.801507,1.10443,-0.037221,-0.041539,0.243516,0.258278,0.289202,0.277596,0.36,-0.80274,-0.035599,0.037508,0.607486,0.398249,0.326365,0.291004,0.156089,0.392514,0.18292,0.035324,0.281121,0.629183,0.852504,0.370817,0.5355,5.6548,2.3345,5.6649,7.6454,64.5468,156.3518,47.7411,173.1576,1.52,3.4563,2.9465,1.2109,1.2752,0.150812,0.015685,0.135127,0.205395,0.356207,0.180634,0.155829,0.083584,0.0,0.356207,0.0,0.0,0.905929,0.028259,0.53221,0.560469,0.0,0.0,0.439531,2.1884,1.8124,2.0781,4.2635,3.531,4.0485,2.5673,,,,,,,,2.724,1.6348,0.226506,0.368701,0.326932,55326616.7,0.206176,0.248082
2015,Q4,0.380176,42742146.9,0.152663,1321008000.0,0.7266,-69337000.0,112079146.9,9957146.9,699443000.0,62061000.0,23880000.0,85941000.0,8765000.0,182295000.0,534502000.0,476756000.0,1051779000.0,994033000.0,699443000.0,1673344000.0,4.9424,-4.1995,4692180220.0,5391623220.0,7.549,,4.7633,31.1157,0.0,0.032138,4.0814,5.4733,14.1827,18.976,28.1744,18.1141,20.6811,0.078753,0.319885,0.623887,0.823516,-0.038462,0.681706,1.108791,-0.04987,0.090249,-0.195791,-0.283914,-0.273383,-0.316509,-0.358974,-0.358916,0.888047,-0.001124,0.623015,0.306957,0.230287,0.221665,0.117099,0.376985,0.185658,0.03716,0.392729,0.662926,0.796877,0.337074,0.5005,5.826,2.4278,6.0843,8.3368,62.6503,150.3445,43.7815,169.2132,1.7727,4.0255,3.2079,1.5992,1.6921,0.11093,0.011488,0.099442,0.176281,0.287211,0.192305,0.110941,0.058607,0.0,0.287211,0.0,0.0,5.196691,0.034509,0.59404,0.628549,0.0,0.0,0.371451,2.7667,1.8399,2.6148,5.4962,3.655,5.1944,2.9673,,,,,,,,3.0605,2.1732,0.185057,0.5426,0.483979,62964701.2,0.224892,0.17664
2015,Q3,1.011003,58823491.0,0.229063,1322494000.0,0.6864,-539000.0,59362491.0,10856491.0,737992000.0,86667000.0,20197000.0,106864000.0,5941000.0,199384000.0,519486000.0,461100000.0,1082486000.0,1024100000.0,762255000.0,1666988000.0,4.6429,-4.8614,3588522955.0,4350777955.0,6.1395,,3.9523,26.3878,0.0,0.037896,3.2898,4.7918,11.6368,16.1686,24.7797,15.5839,24.7039,6.20302,7.965121,10.613343,4.889321,4.25,9.998227,1.055296,-0.000407,0.162416,0.204291,0.362839,0.378524,0.475544,0.444444,-0.476739,1.144147,-0.010161,0.634779,0.416135,0.353453,0.337487,0.186787,0.365221,0.175354,0.04065,0.281327,0.648071,0.854016,0.351929,0.4572,6.8039,2.4746,5.7319,7.9408,53.6456,147.5011,45.9649,155.1818,1.9596,4.4435,3.7948,1.7521,1.852,0.15723,0.012396,0.144834,0.283811,0.441042,0.133143,0.154292,0.085395,0.0,0.441042,0.0,0.0,11.959266,0.035025,0.614342,0.649366,0.0,0.0,0.350634,2.8953,2.0388,2.7391,6.1653,4.3414,5.8327,2.3492,,,,,,,,2.9395,1.9307,0.219597,0.57215,0.507845,58972547.4,0.229643,0.288219
2015,Q2,0.650233,42671349.5,0.193153,1336070000.0,0.7024,454491000.0,-411819650.5,10163349.5,800124000.0,63593000.0,25143000.0,88736000.0,8498000.0,204186000.0,466908000.0,408033000.0,1085588000.0,1026713000.0,822736000.0,1621534000.0,4.2563,-5.3636,5497623540.0,6320359540.0,10.2578,,7.0586,72.6315,0.0,0.013768,4.7306,8.115,22.4243,37.1834,55.8309,31.5642,,2.112998,8.539904,95.449059,26.882166,28.0,64.958078,0.33543,0.515542,-0.028402,-0.100168,-0.114402,-0.095031,-0.133998,-0.129032,1.999669,0.602123,-0.061447,0.581238,0.401666,0.299212,0.287855,0.147148,0.418762,0.15937,0.047927,0.282025,0.645538,0.79188,0.354462,0.4799,6.0007,2.7369,4.9498,8.3032,60.826,133.3645,43.9591,150.2315,1.7039,3.958,3.1343,1.9157,2.0256,0.135673,0.014545,0.121128,0.206395,0.342068,-0.30779,0.138129,0.07061,0.0,0.342068,0.0,0.0,15.97823,0.036308,0.633174,0.669482,0.0,0.0,0.330518,3.8516,2.919,3.6427,9.5895,7.2676,9.0695,3.0147,,,,,,,,3.0506,1.9778,0.262163,0.599482,0.52389,42816595.5,0.19381,0.227947
2015,Q1,1.509082,47152253.6,0.207374,1423543000.0,0.784,1082196000.0,-1035043746.4,9614253.6,981368000.0,71808000.0,26806000.0,98614000.0,4730000.0,283761000.0,412851000.0,390034000.0,1133275000.0,1110458000.0,1004056000.0,1575450000.0,3.5268,-6.2817,5956661270.0,6960717270.0,13.4713,,8.6103,142.0688,0.0,0.007039,4.8897,10.0617,31.4081,61.5715,97.9656,111.6716,,2.69687,2.634744,2.728077,2.953866,,0.936431,-14.418699,3.170369,0.120884,0.237827,0.52718,0.791439,1.08788,0.192308,0.671257,-0.004676,0.023878,0.572452,0.433701,0.322226,0.315809,0.165091,0.427548,0.131877,0.040796,0.250226,0.643567,0.812277,0.356433,0.5671,5.4003,3.3104,5.2476,7.899,67.589,110.2582,46.2085,131.6387,1.4653,3.408,2.7682,2.5114,2.563,0.162573,0.01833,0.144243,0.211361,0.373934,-1.145843,0.179098,0.093625,0.0,0.373934,0.0,0.0,9.569979,0.014483,0.704851,0.719334,0.0,0.0,0.280666,5.1135,4.5305,5.0106,15.9498,14.1312,15.6287,3.0837,,,,,,,,3.5351,2.0786,0.410175,0.596775,0.563793,47961217.8,0.210932,0.256524
2014,Q4,1.387862,26320888.3,0.129752,1390345000.0,0.6439,1056547000.0,-1030226111.7,8341888.3,1034038000.0,47020000.0,32647000.0,79667000.0,11510000.0,268780000.0,346727000.0,325307000.0,1135901000.0,1114481000.0,1057743000.0,1492208000.0,3.2513,-8.1157,3967085600.0,5024828600.0,11.1339,,7.1473,285.7307,0.0,0.0035,3.6141,9.053,33.5698,82.3756,145.5271,124.2478,,1.474361,0.62947,0.672084,0.078007,0.857143,0.815835,-14.492907,3.165229,0.588561,4.369844,4.778831,5.301542,2.457796,3.166667,4.430218,0.040353,0.050877,0.51925,0.392727,0.239924,0.23179,0.088629,0.480755,0.140011,0.041857,0.279326,0.540803,0.70704,0.459197,0.4773,4.3957,3.0724,4.9053,8.3534,83.0362,118.8001,43.6949,158.1414,1.7967,3.7725,2.6673,3.1279,3.188,0.083541,0.015062,0.068479,0.123037,0.206578,-1.185538,0.110637,0.042304,0.0,0.206578,0.0,0.0,2.353171,0.014355,0.746867,0.761222,0.0,0.0,0.238778,7.5887,7.0666,7.4456,32.8975,30.6339,32.2772,2.1508,,,,,,,,3.1564,1.7599,0.484246,0.624679,0.586088,28098508.1,0.138515,0.163885
2014,Q3,0.559346,-6118942.1,-0.047917,1323033000.0,0.5538,1067428000.0,-1073546942.1,6214057.9,1013642000.0,-12443000.0,27279000.0,14836000.0,5837000.0,244826000.0,387096000.0,352386000.0,1181295000.0,1146585000.0,1038814000.0,1490686000.0,2.9343,-8.5242,3824236260.0,4863050260.0,12.3605,,8.7482,303.9209,0.0,0.00329,3.6757,11.1246,47.5776,113.5298,186.8922,172.0033,,-0.417396,-1.562091,-1.451502,-2.010488,-2.090909,-1.375785,-1256.705458,4.176084,-0.046119,-0.47953,-2.866637,-14.830503,-8.819268,-11.0,-2.719265,-0.732425,0.500754,0.356309,0.11618,-0.094207,-0.097441,-0.096579,0.643691,0.209862,0.068584,0.450516,0.50864,1.948646,0.49136,0.3834,4.6133,2.4799,3.9761,7.7599,79.1194,147.185,47.0367,179.2677,1.8795,4.1595,8.1054,3.7059,3.8181,-0.026538,0.012061,-0.038599,-0.072547,-0.099084,-1.319375,-0.037358,-0.037028,0.0,-0.099084,0.0,0.0,-1.35275,0.023285,0.769166,0.792451,0.0,0.0,0.207549,11.5572,10.1632,11.2176,45.3984,39.9227,44.0645,1.9158,,,,,,,,3.4942,1.9128,0.560057,0.885509,0.806108,-1968946.4,-0.015419,-0.189878
2014,Q2,0.738326,442423.7,0.003305,881579000.0,0.6847,620121000.0,-619678576.3,1698423.7,597370000.0,6666000.0,21839000.0,28505000.0,-52007000.0,209722000.0,317638000.0,289135000.0,734923000.0,706420000.0,616036000.0,1019132000.0,2.7544,-3.5543,3430834750.0,4046870750.0,12.0715,,8.7669,92.423,0.0,0.01082,4.5905,10.3411,35.8632,52.275,94.7184,70.773,,0.121361,-0.697138,-0.96856,-1.099391,-1.090909,-1.146657,-44.925791,2.371781,0.477257,0.068604,-0.662584,-0.96502,-1.132294,,-1.09082,-8.231143,1.582648,0.454696,0.212927,0.005498,0.049794,-0.009382,0.545297,0.158121,0.071621,0.449198,1.003997,-0.187669,0.398881,0.4856,4.1971,2.2321,3.6152,5.8644,86.965,163.52,62.2401,188.2449,1.2395,3.158,-0.5927,2.4856,2.5859,0.002263,0.005369,-0.003106,-0.00385,-0.001587,-1.010284,0.024179,-0.004556,0.0,-0.001587,0.0,0.0,,0.027968,0.693158,0.721126,0.0,0.0,0.278874,6.5128,5.4593,6.2603,17.2011,14.4185,16.534,2.8454,,,,,,,,3.5499,2.0874,0.535909,0.81167,0.738835,13029857.7,0.097331,-0.009345
2014,Q1,0.227043,12647875.0,0.139567,341347000.0,1.1095,79777000.0,-67129125.0,3153875.0,67632000.0,19756000.0,6919000.0,26675000.0,5198000.0,80767000.0,126373000.0,107475000.0,128723000.0,109825000.0,73105000.0,402438000.0,2.3418,0.9074,2571448000.0,2644553000.0,9.3946,24.2448,7.6879,50.4067,0.0,0.019839,7.7474,7.9065,24.0946,28.5099,46.9251,35.8438,,0.223905,0.070148,0.020217,-0.124331,,2.377059,-1.482424,0.304993,0.066731,-0.171507,-0.315359,-0.19652,-0.430747,,0.567176,-0.009512,0.022615,0.547946,0.294355,0.258657,0.218004,0.104765,0.452054,0.183024,0.048763,0.28929,0.539585,0.890616,0.460415,0.7912,5.3732,2.6224,3.936,5.9748,67.9292,139.1829,61.0902,146.0219,0.2335,1.7298,1.5405,0.4012,0.4703,0.154855,0.055277,0.099578,0.023247,0.178102,-0.077689,0.172482,0.082889,0.0,0.178102,0.0,0.0,4.497114,0.046959,0.272899,0.319858,0.0,0.0,0.680142,1.1728,0.6661,1.0006,2.2841,1.2972,1.9487,9.3491,,,,,,,,2.3736,1.42,0.241471,0.37782,0.321321,12892846.6,0.142271,0.194158
2013,Q4,0.187822,15741370.9,0.185295,333798000.0,1.0855,82238000.0,-66496629.1,-936629.1,73618000.0,28856000.0,3341000.0,32197000.0,3706000.0,88161000.0,122339000.0,107611000.0,123478000.0,108750000.0,79294000.0,383658000.0,2.2843,0.8766,2804168760.0,2883462760.0,10.7778,28.0855,8.8262,53.5535,0.0,0.018673,8.6383,9.0757,27.4938,31.5257,51.7533,50.2994,,0.444135,0.478733,0.41946,0.892861,0.75,2.024331,0.162694,0.326912,0.037378,0.264363,0.303519,0.161517,0.366489,0.272727,-0.29012,-76.903602,0.305913,0.552894,0.378998,0.296352,0.33967,0.19632,0.447106,0.169682,0.047097,0.256542,0.625253,0.924383,0.374747,0.7929,5.4771,2.6883,3.9034,6.5117,66.6415,135.7757,56.0528,146.3644,0.269,1.7373,1.606,0.418,0.4746,0.201143,-0.015095,0.216238,0.058176,0.259319,-0.09062,0.269331,0.155666,0.0,0.259319,0.0,0.0,4.024825,0.038388,0.283456,0.321844,0.0,0.0,0.678156,1.1774,0.7561,1.0369,2.2162,1.4232,1.9519,11.1085,,,,,,,,2.7571,1.6193,0.277488,0.385064,0.338707,16325357.3,0.192169,0.313985
2013,Q3,0.176035,13552424.2,0.165491,255605000.0,1.2249,14406000.0,-853575.8000000007,1347424.2,16759000.0,22137000.0,3328000.0,25465000.0,2777000.0,85019000.0,160617000.0,160617000.0,107694000.0,107694000.0,21773000.0,346540000.0,2.1004,1.1805,2237950560.0,2259723560.0,9.3698,16.6703,7.355,50.2967,0.0,0.019882,8.8407,7.4265,23.7928,27.5167,44.1216,47.7319,61.3891,-0.002312,-0.012182,-0.118344,-0.112557,-0.083333,0.398376,0.992614,0.059727,0.063367,0.00177,0.00577,-0.03692,-0.034185,0.0,0.451506,0.93674,-0.022386,0.533593,0.310958,0.270942,0.270319,0.149038,0.466407,0.166622,0.059066,0.262651,0.6108,0.902652,0.3892,0.7998,5.7368,2.5689,3.8355,6.9344,63.6247,142.0857,52.6365,153.0739,0.1598,1.7764,1.6034,0.4509,0.4509,0.202717,0.039371,0.163346,0.026101,0.228818,0.148187,0.216193,0.119196,0.0,0.228818,0.0,0.0,7.566439,0.0,0.310769,0.310769,0.0,0.0,0.689231,1.1339,0.2292,1.1339,2.1027,0.4251,2.1027,9.2468,,,,,,,,4.5981,3.0722,0.279412,0.527863,0.527863,14443581.0,0.176374,0.244004
2013,Q2,0.216869,14071959.1,0.182724,261458000.0,1.179,27565000.0,-13493040.9,1434959.1,35266000.0,22010000.0,3410000.0,25420000.0,2470000.0,87480000.0,145892000.0,145892000.0,106656000.0,106656000.0,37933000.0,332848000.0,2.0137,1.0588,1518674560.0,1556607560.0,6.7141,12.7686,5.2006,32.9838,0.0,0.030318,5.9536,5.3305,16.3795,18.892,29.3227,37.6392,60.9944,0.177724,0.184543,0.264114,0.301978,0.222222,3.472042,0.893136,0.117853,0.04276,0.166323,0.192243,0.135088,0.16556,0.1,1.091303,0.501029,-0.000428,0.546564,0.330078,0.288929,0.2858,0.164091,0.453436,0.170272,0.065587,0.257635,0.632419,0.90786,0.367581,0.8225,6.1625,2.4927,3.7119,6.8974,59.2291,146.4293,52.9186,152.7398,0.2523,1.7951,1.6297,0.4715,0.4715,0.21544,0.028757,0.186683,0.047101,0.26254,0.10304,0.235075,0.134968,0.0,0.26254,0.0,0.0,5.860729,0.0,0.320435,0.320435,0.0,0.0,0.679565,1.1223,0.3992,1.1223,2.0091,0.7146,2.0091,6.8888,,,,,,,,4.7264,2.9659,0.299569,0.499596,0.499596,14071959.1,0.182724,0.259466
2013,Q1,0.428041,12397240.5,0.167861,261570000.0,1.1507,39439000.0,-27041759.5,1555240.5,46480000.0,18461000.0,3334000.0,21795000.0,2689000.0,83582000.0,129445000.0,129445000.0,105637000.0,105637000.0,49354000.0,320727000.0,1.9282,0.9326,1542750330.0,1592104330.0,7.1726,14.8303,5.5436,35.7847,0.0,0.027945,6.0867,5.7209,17.4577,20.1619,31.7536,52.864,148.7908,1.142436,1.471683,1.728971,2.488417,2.333333,1.270253,,0.177548,0.032634,-0.022427,-0.053961,0.117907,0.230507,0.25,0.403487,0.659498,0.039792,0.530032,0.295109,0.251699,0.249966,0.146803,0.469968,0.167019,0.080822,0.278333,0.666913,0.880613,0.333087,0.798,6.1498,2.5469,3.5873,6.7064,59.3519,143.3139,54.4256,148.2402,0.2805,1.8464,1.6259,0.4911,0.4911,0.193157,0.029356,0.1638,0.045946,0.239102,0.044243,0.19948,0.117153,0.0,0.239102,0.0,0.0,2.574191,0.0,0.329367,0.329367,0.0,0.0,0.670633,1.1583,0.5412,1.1583,2.1069,0.9843,2.1069,6.7411,,,,,,,,4.141,2.5445,0.300336,0.465136,0.465136,12743368.1,0.172548,0.220123
2012,Q4,0.677889,11089687.5,0.155057,251560000.0,1.2416,90507000.0,-79417312.5,2278687.5,50479000.0,19514000.0,2781000.0,22295000.0,5698000.0,74635000.0,115416000.0,115416000.0,104637000.0,104637000.0,53557000.0,305718000.0,1.8196,0.8012,1476413600.0,1529970600.0,7.3424,16.6757,5.7637,41.7325,0.0,0.023962,6.0819,5.9728,19.2265,22.5082,36.1665,58.2979,,0.727893,0.746845,0.557153,0.536892,0.6,-0.093549,,0.56197,0.027084,-0.126508,-0.129228,-0.278558,-0.35934,-0.333333,-0.671769,0.312782,0.042956,0.586843,0.311731,0.275657,0.272847,0.123196,0.413157,0.201734,0.084368,0.311186,0.5625,0.802706,0.4375,0.7571,6.7124,2.4438,4.0963,5.4196,54.3771,149.3594,67.3477,136.3888,0.1484,1.8835,1.5119,0.5204,0.5204,0.192525,0.085466,0.107059,0.015889,0.208414,-0.23365,0.206564,0.093268,0.0,0.208414,0.0,0.0,0.865567,0.0,0.342266,0.342266,0.0,0.0,0.657734,1.3149,0.673,1.3149,2.4735,1.266,2.4735,6.3598,,,,,,,,3.6661,2.1205,0.291363,0.450566,0.450566,11089687.5,0.155057,0.219016
2012,Q3,0.897229,15371560.1,0.220748,241199000.0,1.2932,130935000.0,-115563439.9,1618560.1,51688000.0,22410000.0,3114000.0,25524000.0,2503000.0,65748000.0,104150000.0,104150000.0,103653000.0,103653000.0,54967000.0,293164000.0,1.7014,0.6785,1472549360.0,1527516360.0,7.7703,19.4831,6.4795,45.5898,0.0,0.021935,6.333,6.7214,21.7645,25.6161,39.9107,57.097,,1.440153,1.438786,-0.112119,0.016933,-0.076923,1.182109,,1.187468,0.100289,0.182543,0.206071,0.38086,0.416959,0.333333,3.641952,0.084741,0.031237,0.575768,0.366545,0.324597,0.321826,0.197504,0.424232,0.177298,0.041273,0.25117,0.680067,0.90241,0.319933,0.7202,7.0582,2.3531,3.8307,6.5409,51.713,155.1174,55.8029,151.0275,0.0333,1.8556,1.6745,0.5469,0.5469,0.28548,0.285511,-3.1e-05,-1e-06,0.285479,,0.231769,0.142236,0.0,0.285479,0.0,0.0,6.003196,0.0,0.353567,0.353567,0.0,0.0,0.646433,1.4769,0.7832,1.4769,2.7082,1.4362,2.7082,6.4943,,,,,,,,3.6505,2.1107,0.289304,0.45828,0.45828,15719074.4,0.225738,0.290418
2012,Q2,0.968614,11131870.7,0.175895,233893000.0,1.1764,137395000.0,-126263129.3,1425870.7,64533000.0,18581000.0,3003000.0,21584000.0,6867000.0,63638000.0,88048000.0,88048000.0,102688000.0,102688000.0,68009000.0,272048000.0,1.5325,0.5088,1742790010.0,1810799010.0,10.2904,30.9967,8.9681,54.3416,0.0,0.018402,7.742,9.3181,32.8519,39.0174,45.5802,97.2868,,1.649969,2.5238,0.706749,-0.459155,-0.470588,-0.411775,,1.423812,0.223718,1.121695,1.487749,1.450428,2.122909,2.0,0.06166,,0.052951,0.564524,0.34105,0.29668,0.293599,0.153365,0.435476,0.172863,0.064358,0.267843,0.592878,0.881061,0.407122,0.6758,7.1955,2.1843,3.4151,6.0178,50.7263,167.1032,60.6535,157.1761,0.0827,1.8847,1.6606,0.6063,0.6063,0.206919,0.113012,0.093907,0.007765,0.214684,,0.198406,0.10364,0.0,0.214684,0.0,0.0,0.471385,0.0,0.377463,0.377463,0.0,0.0,0.622537,1.863,1.2338,1.863,2.5848,1.7119,2.5848,7.819,,,,,,,,4.0959,2.1616,0.327471,0.45308,0.45308,11240960.2,0.177619,0.258679
2012,Q1,1.032581,4542826.4,0.08784,222131000.0,0.7347,,,1434826.4,59477000.0,7469000.0,2704000.0,10173000.0,5386000.0,51811000.0,80149000.0,80149000.0,101740000.0,101740000.0,63148000.0,264394000.0,1.4899,0.4131,1277277300.0,1340425300.0,7.8527,28.3216,7.8268,31.6856,0.0,0.03156,6.0344,8.2137,32.1591,40.4938,37.952,64.1997,,0.488586,0.354306,-0.130159,-0.46506,-0.5,0.668856,,,0.213302,-0.211579,-0.331394,-0.362121,-0.457875,-0.4,-0.439625,,0.379242,0.597502,0.196705,0.148152,0.144421,0.060096,0.402498,0.199915,0.05563,0.449349,0.592903,0.701834,0.407097,0.5175,5.1794,1.6171,2.2395,4.199,70.4713,225.7119,86.9261,209.2571,0.3657,1.9388,1.3607,0.6255,0.6255,0.064533,0.024124,0.040409,0.014776,0.07931,,0.074735,0.031099,0.0,0.07931,0.0,0.0,0.566097,0.0,0.384804,0.384804,0.0,0.0,0.615196,2.4409,1.515,2.4409,2.8806,1.7879,2.8806,5.6117,6.3136,3.8401,1.7608,-0.7127,2.5773,-1.9755,,3.6065,1.9462,0.317483,0.49113,0.49113,9558789.8,0.184829,0.101359
2011,Q4,,7121769.8,0.16708,161053000.0,0.8502,,,1388769.8,2845000.0,11171000.0,1732000.0,12903000.0,3141000.0,43698000.0,127660000.0,127660000.0,100808000.0,100808000.0,6709000.0,259016000.0,1.5225,0.6304,1155501440.0,1162210440.0,7.3037,17.6394,8.4392,26.864,0.0,0.037225,7.2163,8.4882,30.3117,37.3125,33.5504,59.1245,,,,,,,0.049373,,,0.161349,0.233556,0.215693,-0.588638,-0.576087,-0.615385,-0.209846,,0.460613,0.6,0.30271,0.270452,0.262076,0.134499,0.4,0.220716,0.088962,0.329548,0.61778,0.830722,0.38222,0.6547,7.4867,2.1051,3.5508,5.0273,48.7533,173.3863,72.6033,149.5363,0.018,1.7075,1.4184,0.6372,0.6372,0.142044,0.488144,-0.3461,-0.006224,0.13582,-0.514292,0.171584,0.088058,0.0,0.13582,0.0,0.0,1.732251,0.0,0.389196,0.389196,0.0,0.0,0.610804,2.6292,0.175,2.6292,2.9101,0.1937,2.9101,5.3897,,,,,,,,5.5127,3.8626,0.31915,0.932369,0.932369,7237912.5,0.169804,0.217713
2011,Q3,0.694584,17312644.9,0.471696,110264000.0,,,,3788644.9,-40350000.0,9189000.0,1271000.0,10460000.0,3130000.0,44633000.0,171241000.0,171241000.0,99893000.0,99893000.0,-36715000.0,250507000.0,1.4456,1.1297,812666400.0,775951400.0,5.3957,6.9045,,,0.0,,7.0372,,,,,39.9954,,1.039384,1.473486,3.340096,2.389474,2.25,0.273299,,,0.141688,0.284223,0.742651,1.654391,-0.246406,-0.235294,0.251317,,0.142656,0.598807,0.28499,0.254857,0.250361,0.368471,0.401193,0.236193,0.084707,0.34395,1.850828,0.79519,-0.850828,,,,,,,,,,-0.2679,1.8585,1.4778,0.6632,0.6632,,-0.093895,,,,,,,,,,,2.2,0.0,0.398763,0.398763,0.0,0.0,0.601237,,,,,,,,10.1089,19.0458,6.6656,15.6025,7.5754,4.132,,9.0455,6.8816,,,,6783700.0,0.184827,0.199085
2011,Q2,0.592668,6522265.6,0.202882,96498000.0,,,,-11423734.4,-39299000.0,5273000.0,2872000.0,8145000.0,6868000.0,29275000.0,163758000.0,163758000.0,98903000.0,98903000.0,-35580000.0,234700000.0,1.2904,0.9977,736631000.0,701051000.0,5.4245,7.0161,,,0.0,,7.2649,,,,,39.1146,,,1.553015,3.586767,2.90247,2.7,,,,0.263481,0.191835,-0.04388,0.248855,2.088812,1.833333,2.012042,,,0.556271,0.253359,0.207665,0.164023,0.558231,0.443729,0.249596,0.086071,0.348606,0.976972,3.483596,0.023028,,,,,,,,,,-0.2894,1.8802,6.5498,0.7283,0.7283,,0.290688,,,,,,,,,,,0.801252,0.0,0.421402,0.421402,0.0,0.0,0.578598,,,,,,,,18.4371,22.8051,-5.5769,-1.2089,19.2413,-4.7727,,9.9608,8.2863,,,,6626801.6,0.206134,0.571389
2011,Q1,,5222595.3,0.205258,,,,,-587404.7,,5515000.0,1319000.0,6834000.0,-1636000.0,,,,,,,,,,599993450.0,,,,,,0.0,,,,,,,,,,,,,,,,,,,,,,,-0.647637,,,0.560171,0.26859,0.224336,0.216751,0.228345,0.439829,0.247249,0.074163,0.335836,0.914961,1.151405,0.085039,,,,,,,,,,,,,,,,,,,,,,,,,,,,,,,,,,,,,,,,,,,,,,,,,,,,,5324155.9,0.20925,0.249568
2010,Q3,,3989000.0,0.184173,,,,,-1000.0,,3715000.0,1414000.0,5129000.0,1033000.0,,,,,,,,,,407090600.0,,,,,,0.0,,,,,,,,,,,,,,,,,0.073025,,1.389617,1.805254,1.422983,1.4,,,,0.527033,0.236807,0.184173,0.171522,0.184219,0.472967,0.248396,0.082645,0.34286,1.0,1.074024,0.0,,,,,,,,,,,,,,,,,,,,,,,,,,,5.235237,,,,,,,,,,,,,,,,,,,,,,,,,,2792300.0,0.128921,0.184219
2010,Q2,,1421974.6,0.070447,,,,,10854974.6,,-9535000.0,,,,,,,,,,,,,275452650.0,,,,,,0.0,,,,,,,,,,,,,,,,,,,,,,,,,,0.48863,,0.070201,-0.47238,-0.467327,0.51137,0.296904,0.093188,0.41843,1.003511,0.985842,-0.003511,,,,,,,,,,,,,,,,,,,,,,,,,,,,,,,,,,,,,,,,,,,,,,,,,,,,,991900.0,0.04914,-0.465692
